version https://git-lfs.github.com/spec/v1
oid sha256:906f184bcbac1139412879954decaaf51967442b892ffea366cd435bc8d8ffff
size 84
